1.346102480647262567e+00
1.554717003342282133e+00
1.445871658550162309e+00
1.842351024182323771e+00
1.141818335750060198e+00
1.435428615502321703e+00
1.476644067579641284e+00
1.601619806658520107e+00
1.643810846974984141e+00
1.360777998878944350e+00
1.777809051069454416e+00
1.144744832146547653e+00
1.338687532101041855e+00
1.335210392029624327e+00
1.769996775591987426e+00
1.829163634565749375e+00
2.343373834654237875e+00
1.833733329823592273e+00
2.121033363501319435e+00
1.651522623875129936e+00
2.051416764538767534e+00
1.514890871537369899e+00
1.957509454248563818e+00
1.738627453999072703e+00
1.789606739947150915e+00
1.527407173878676971e+00
1.508943250822173399e+00
1.564450137022562526e+00
1.463535402854897027e+00
1.989437959165154979e+00
1.412918890466199562e+00
1.289498305930966593e+00
1.558772987123095755e+00
1.232502670832711367e+00
1.864380469611723656e+00
1.476391409169227620e+00
1.567285184199733505e+00
1.419760928584505866e+00
1.402634290772505343e+00
1.496627013222942004e+00
1.244289372414395300e+00
1.911062110993925200e+00
1.229670876745369901e+00
2.381257797358558914e+00
1.426959483280879404e+00
1.762790988212179055e+00
1.956941874320485608e+00
1.811168183059711945e+00
1.837658297599404245e+00
2.098471613003530578e+00
1.645066136851115912e+00
2.080382699362658183e+00
1.195433720970874303e+00
1.266506985551800302e+00
1.526955400749605118e+00
1.531149367578978682e+00
1.708040853346534771e+00
1.598990448844036738e+00
1.490783762980911531e+00
1.373643197765664459e+00
1.398428500688945197e+00
1.707669405449028011e+00
1.603217989879734517e+00
1.777153204879589277e+00
1.321798034088492724e+00
1.191033002931344287e+00
1.609261572391391670e+00
1.536758977457632680e+00
1.428853225794145088e+00
1.567005836033537935e+00
1.840982259076794136e+00
1.537262751530311666e+00
2.132773363810084088e+00
1.387330716687132481e+00
1.354442806276299427e+00
1.415220065409702466e+00
1.582468579384384233e+00
1.642174934989703239e+00
1.275778832359503179e+00
1.250816542156695244e+00
2.096291081955322433e+00
1.527407173878676971e+00
1.456942465820565635e+00
1.812205877784442531e+00
1.790520645952987877e+00
1.504280304760538423e+00
1.482885278299846066e+00
1.747357269543549085e+00
1.768588630275000018e+00
1.540073790151009092e+00
1.209431908781237297e+00
1.572999702746495476e+00
1.362361900992113073e+00
1.196570596093168293e+00
1.658455400619120335e+00
1.520049534124254587e+00
1.680794897690426781e+00
1.616508672800622604e+00
1.566350898937727498e+00
1.307329372344499641e+00
1.533162687472597874e+00
1.351073972446359628e+00
1.605058965495126833e+00
1.300419753951707946e+00
1.400757973094195918e+00
1.869886405199049806e+00
1.449704341347183068e+00
1.752634601397060177e+00
1.328189802096534589e+00
1.637807887680477359e+00
1.958160228854433527e+00
1.743299943612390601e+00
1.549821907722418013e+00
1.354901271917486438e+00
1.834425412215073603e+00
1.692848883887599909e+00
1.561921322888277119e+00
1.534561747491798966e+00
1.319231135288785772e+00
1.914678280039934455e+00
2.154941971052507288e+00
1.963896294215231597e+00
1.475446382133353662e+00
1.379263523362957544e+00
1.800241440722988084e+00
1.551443977935907714e+00
1.377456825657536799e+00
1.345417274930556850e+00
1.456391627511468556e+00
1.569457709091244046e+00
1.269252208957291517e+00
1.356282931363459898e+00
1.310551326442166653e+00
1.544642604872879188e+00
1.607346630037643775e+00
1.558912271399472083e+00
1.613376916278224105e+00
1.570425170312800267e+00
1.990591753256359286e+00
1.340034533651196291e+00
2.196964275180840254e+00
1.468490513692439769e+00
1.567766635980662349e+00
1.956038442059139459e+00
1.515297801817650170e+00
1.591974026368911943e+00
1.613632386047401335e+00
1.552027216952282407e+00
1.533214974085390203e+00
1.773206283418714557e+00
2.088482155572001897e+00
1.443021285570925238e+00
1.387682518567875611e+00
1.650180053266595781e+00
1.543833610533410949e+00
1.531955096546672390e+00
1.415051061930861609e+00
1.553382595070399663e+00
1.598245742093380883e+00
1.510889582274002274e+00
1.369304928067006655e+00
1.606090889408936739e+00
1.426966338517267952e+00
1.471625787526671836e+00
1.571471890454125608e+00
1.425763929395751806e+00
1.755755550450217584e+00
1.458843582650722892e+00
1.394250885019380881e+00
1.208132790218977126e+00
1.420893151200811833e+00
1.391555526432017853e+00
1.483986084823436524e+00
1.628888870865353944e+00
1.747526259040992125e+00
1.570056569457609630e+00
1.570783076276998758e+00
1.306936440638959196e+00
1.522379446413344661e+00
2.375718059324832154e+00
1.821987612013117985e+00
1.377421208733991209e+00
1.332777426868526849e+00
1.441667680978357291e+00
1.283249800007961294e+00
1.597330663898274938e+00
1.839502925064212757e+00
1.549304660870561845e+00
1.242227504442094288e+00
1.445163056166104631e+00
2.160058954496943961e+00
1.624752121921531067e+00
1.497220719797189625e+00
1.295311960041539479e+00
1.328839287460748642e+00
1.991408519247562570e+00
2.135656516039414754e+00
1.501938500983812208e+00
1.397538848847976523e+00
1.398182234917537459e+00
2.118941390940264569e+00
1.417651142281098231e+00
1.218463977243182228e+00
1.620658629678108253e+00
1.286620213377231536e+00
1.794799650565294780e+00
1.381944577084964765e+00
1.374649605545844144e+00
2.038695457579424275e+00
1.401220816786920897e+00
1.356509313466622846e+00
1.570714060234983611e+00
1.745531537282646983e+00
1.899036771733497275e+00
1.300481405494780862e+00
1.784559562366385022e+00
1.658950033057312590e+00
1.483624009944686017e+00
1.628143911411267464e+00
2.119811143433297129e+00
1.564928985537643147e+00
1.666424649465567009e+00
1.703506084017080369e+00
1.518655649899062210e+00
1.340524013320814056e+00
1.979568443120534482e+00
1.654594813299190337e+00
1.836787710483307690e+00
1.440663436592748203e+00
1.783164830144880364e+00
1.621075693162134179e+00
1.409942202814240764e+00
1.609259801529944856e+00
1.351880395068781660e+00
1.425693499484010918e+00
1.568392766482683109e+00
1.642329496213298823e+00
1.610134999757150798e+00
1.785294496459637781e+00
1.215553794463685611e+00
1.384044029305271817e+00
1.366651661825858843e+00
1.731965117752437333e+00
1.482591744564476954e+00
1.763949830425086907e+00
1.635869838164706547e+00
1.546577780944774938e+00
1.516164483321112977e+00
2.189542938132189587e+00
1.717982707678039178e+00
1.835043563807264411e+00
2.199696454939352730e+00
1.937886427269601031e+00
1.463914076227130545e+00
1.317902513493884209e+00
2.025475685243540713e+00
1.974200921301875855e+00
1.287922463693436548e+00
1.659046681833511894e+00
1.335170620646728645e+00
1.135039135245534236e+00
1.560919756845797757e+00
1.372505836936285917e+00
1.247725158801769263e+00
1.637960542699068878e+00
1.652173628491558022e+00
1.430167946194772943e+00
1.695446649138011352e+00
1.394141682760789314e+00
1.236559543006502615e+00
1.866240995182053330e+00
1.540932158049797662e+00
1.990359249554856991e+00
2.293234310413823973e+00
1.518159593775927574e+00
1.462836404824881864e+00
1.620632324522432999e+00
1.302315402121460908e+00
1.590126364476788012e+00
1.719588108307418040e+00
1.536595450716601086e+00
1.679980249321398666e+00
1.532418508466128815e+00
1.791889542830432891e+00
1.497237494644965139e+00
1.647513496868245886e+00
1.606738294988630189e+00
1.330064976558709366e+00
1.752716398167063261e+00
1.437204222269956810e+00
2.138909817202109043e+00
1.565571739098221560e+00
1.556923387704133299e+00
1.392353175968379819e+00
1.396524438692314574e+00
1.704240963306482559e+00
1.537701881505602719e+00
1.444498319167954126e+00
1.360372289693059900e+00
1.496398763650331976e+00
1.308713617033963050e+00
1.598513849587845703e+00
1.862600473063854567e+00
1.815925820184097095e+00
1.697992111112567759e+00
1.286311505605791883e+00
1.600254442230529150e+00
1.308799045342214917e+00
1.538225438740928430e+00
1.572988089326689876e+00
1.689763248948063179e+00
1.459036670123031953e+00
1.452299423627775754e+00
1.396864701566875144e+00
1.433330229487651541e+00
1.829842499440138326e+00
1.724744448124351681e+00
1.686459072776322454e+00
1.646338137016364112e+00
1.548034832318353482e+00
1.625153346015206335e+00
2.140071934727151515e+00
1.533732089694593848e+00
1.569889176537318187e+00
1.497137912959881190e+00
1.650505358487554197e+00
2.124117749251202003e+00
1.968992302731230826e+00
1.426006594673218109e+00
1.873393953319966831e+00
1.995090075861101653e+00
1.578614184294810485e+00
1.451147119347932835e+00
1.769505742780977942e+00
1.260596029997581580e+00
1.384853255045809917e+00
1.322443051149985616e+00
2.286018026384048607e+00
1.489351793237300159e+00
1.388521554285842230e+00
1.407188093720225242e+00
1.943355344615927960e+00
1.301669993325040409e+00
1.788604662174994475e+00
1.445106248728854847e+00
2.140654734078608179e+00
1.416156351927702728e+00
1.628060251063493169e+00
1.814828095009300979e+00
1.623947399532675639e+00
1.687671789496813401e+00
1.547449742343515178e+00
1.622445978633723751e+00
1.651744679755768219e+00
1.857562104087506327e+00
1.291038750267911928e+00
1.434905616742379930e+00
1.315222960144079467e+00
2.135703730862964278e+00
1.481532413018454841e+00
1.407752694751345013e+00
1.312755614514151903e+00
1.727987698378856019e+00
1.428271283937986080e+00
1.232579211077233783e+00
1.440775182717611624e+00
2.355044348758407846e+00
2.115788514851777879e+00
1.787762813121778205e+00
1.970659448979013906e+00
1.484923578916958364e+00
1.683426422755170071e+00
1.261326806044231530e+00
1.914895905953875266e+00
1.477293109174456998e+00
1.316289140503249522e+00
1.842138120021426184e+00
1.493624163426899853e+00
1.473501365893270298e+00
1.912616243619294165e+00
1.417215714896964185e+00
1.873874217520690610e+00
1.638065853609472100e+00
1.698264878461952065e+00
1.521825741053375980e+00
1.384508355467230389e+00
1.367329381386977127e+00
1.580083918804361387e+00
1.690065148584825039e+00
1.912388205917618267e+00
1.782007936017162786e+00
1.805579064504430509e+00
1.773482181557536341e+00
1.598543400933289949e+00
1.954911983411714571e+00
1.670846613375602141e+00
1.961715431339270177e+00
1.556949516363369979e+00
1.709132921182073606e+00
1.457005328803681277e+00
1.140552711373545192e+00
1.523423892106078092e+00
1.375626569151124468e+00
1.680346152181463992e+00
1.458177236381219322e+00
1.701204105488652418e+00
1.654782287745691027e+00
1.649438006281996438e+00
1.531983911247985386e+00
1.462202274454796225e+00
1.513715960856038878e+00
1.907907776272964373e+00
1.698673560311712238e+00
1.933549268560962320e+00
1.346623291488532326e+00
1.207748781168212826e+00
1.975591342469448231e+00
1.506433995202017151e+00
1.769095065286288015e+00
1.388555971519102705e+00
1.417495283796662342e+00
1.458729757767359025e+00
1.280755126137426592e+00
2.070808888321116648e+00
1.835250509839086330e+00
1.676964806774517314e+00
1.848676079242948411e+00
1.570235459957877389e+00
1.862062306116696320e+00
1.502007768961424850e+00
1.595601406718066606e+00
1.371723159994326702e+00
1.354570757899371758e+00
1.735269128095469071e+00
1.596891721340071069e+00
1.541395277553367915e+00
1.283521956121382646e+00
1.541292878871408645e+00
1.685500221686547562e+00
1.569853087896686761e+00
1.424936872892401007e+00
1.497720799505610767e+00
1.605989374467201136e+00
1.819922362062996957e+00
1.422895864479268857e+00
1.439587121366395772e+00
1.592245945579944477e+00
1.330422015195424024e+00
1.420754177597239654e+00
1.362332440904267639e+00
1.555544213624667105e+00
2.215657201398024689e+00
1.605394029268897071e+00
1.617251245351944755e+00
1.299335967001405301e+00
1.473950263252403081e+00
1.573342467861889027e+00
1.544358023194928098e+00
1.606596171957795693e+00
1.192045768824023799e+00
1.677333801110426181e+00
1.625341346556083755e+00
1.480018281175909278e+00
1.483035161838160976e+00
1.874113852357057741e+00
2.220362046969567960e+00
1.490334462683253980e+00
1.820381580446854608e+00
1.955939300975124695e+00
1.397780160213291989e+00
1.519178387695677257e+00
1.698412513987162420e+00
1.706561994021450701e+00
1.326428886649183347e+00
1.692185789623977143e+00
1.497745775974024918e+00
1.605332092437479874e+00
2.081215631859222981e+00
1.345097384579351019e+00
1.249959828063750278e+00
1.813971596956307941e+00
1.644671330575867785e+00
1.488728947926585722e+00
1.391873040283706731e+00
1.725147322714801312e+00
1.484815001663186473e+00
1.560084451871312172e+00
1.485325648791316899e+00
1.508286204637581562e+00
1.364997503160556347e+00
1.528897279225126082e+00
1.746774806535870805e+00
1.412271528156365141e+00
1.650613633352923104e+00
1.525875808012462809e+00
1.242307596212276044e+00
1.687945990029501075e+00
1.657700197267115483e+00
1.626768910083194131e+00
1.946556891653254961e+00
1.482594322039941348e+00
1.476805881689071009e+00
1.353916986107322806e+00
2.124173173349282351e+00
2.109895625525493035e+00
1.774830577044184343e+00
1.887082494599832350e+00
1.718322488498065015e+00
1.737071717767882495e+00
1.938215635851266994e+00
1.904677930584806722e+00
1.434792409142158887e+00
1.893270101637635872e+00
1.299311651798933154e+00
1.590770576239723066e+00
1.481849384521684687e+00
1.939359664008171613e+00
1.216740694850073856e+00
1.602094425701624081e+00
1.292366128597113306e+00
1.606391314333556197e+00
1.456426371701918576e+00
1.873358395069997240e+00
1.491213985983925960e+00
1.536149820083128503e+00
1.384158889327097741e+00
2.057774040799156712e+00
1.900321902580263345e+00
1.519136411169372813e+00
1.867113963724739811e+00
1.554137929365743354e+00
2.147437089790037668e+00
1.604112548634067048e+00
1.890737298250812159e+00
1.639043111437649580e+00
1.863165442001895711e+00
1.709151317424925542e+00
1.374640183216058631e+00
1.403167146163315726e+00
2.308767805306787491e+00
1.356067852344532199e+00
1.269594496084168078e+00
1.431689808080081727e+00
1.492941967141071302e+00
1.419939351434011732e+00
1.564055638132825221e+00
1.716836423706199266e+00
1.771773491001944256e+00
1.287886860734962502e+00
1.493305648284799503e+00
1.989405777711397594e+00
1.227749563510503128e+00
1.916651848474832054e+00
1.404562556829799691e+00
1.630548486169478783e+00
1.396982228047007224e+00
1.647800864921179720e+00
1.459415511193661752e+00
1.688368135503607981e+00
1.625257340321685451e+00
1.368737661312485310e+00
1.704120745692875749e+00
1.506811367353465769e+00
1.429889793559990574e+00
1.538610670906191968e+00
1.815510870335321325e+00
1.516145811732477977e+00
1.575501419489334864e+00
1.855544631406342404e+00
1.716844612407450565e+00
1.210043561734323925e+00
2.023001081120654465e+00
1.862596925541447401e+00
2.349834549096589953e+00
1.769358286319217433e+00
1.397474607890172527e+00
1.658510920600524852e+00
1.872885447348037191e+00
1.710695312838806048e+00
1.531033503524114936e+00
1.621711737062638159e+00
2.326574062479070726e+00
1.679690634283206085e+00
1.693125114929348252e+00
1.401186163136961760e+00
2.013222689011134214e+00
2.122031242022818454e+00
1.259154298596811383e+00
1.601062611794942914e+00
1.354741067669602561e+00
1.821224512577023669e+00
1.612202351679081547e+00
1.957330733842068016e+00
1.600193880523494316e+00
1.979257889215209953e+00
1.438133758805777651e+00
1.629488952689186476e+00
2.008962657352147740e+00
1.399520444958204379e+00
1.486088528142568199e+00
1.554204494556756355e+00
1.723980512047009972e+00
1.567549713672025780e+00
1.604081861492123950e+00
2.040134179530229019e+00
1.385640195235224637e+00
1.906161262669277212e+00
1.350107758615126663e+00
1.549380812575898547e+00
1.509651922454601003e+00
1.733553579525079824e+00
1.725343430631288699e+00
1.779326142362390950e+00
1.986375413789521094e+00
1.542863356061964231e+00
1.573239000382853581e+00
1.570929306878144249e+00
1.187096423246297272e+00
1.332788148982588350e+00
2.029455295081133315e+00
1.479828295163967411e+00
1.313425968193442817e+00
1.500206084695750341e+00
2.259298002479342315e+00
1.812669308041767291e+00
1.656662251485892190e+00
1.969233057788823293e+00
2.278912103595891026e+00
1.704785954936922199e+00
1.837118321013930577e+00
1.509193857640987124e+00
1.590013062303781366e+00
1.577032152942740018e+00
1.894882960658777593e+00
1.940853198202325602e+00
1.863149875194450189e+00
1.373486551735185968e+00
1.618202101912844748e+00
1.847931561821519963e+00
1.555630312639714630e+00
1.745709913251326739e+00
1.988996008175962560e+00
1.513338135257376260e+00
1.797594061720760195e+00
2.207363850245329662e+00
1.261464895654068386e+00
1.440612505794707898e+00
1.389185275220534921e+00
1.395230060112776949e+00
1.993081108870738749e+00
1.544062133989224872e+00
1.297592690054267806e+00
1.503570955070737236e+00
1.512426504951695394e+00
1.763571920078240263e+00
1.903958914676202818e+00
2.104486157355780485e+00
1.092276365137526462e+00
1.203390969010242451e+00
1.455295854887453055e+00
2.008046760241356754e+00
1.926359193323441410e+00
2.250231359023857181e+00
1.383999569791674489e+00
1.405475406038109165e+00
1.535952445879947170e+00
1.378549677706159438e+00
2.218702780234623972e+00
1.467176519046506478e+00
1.913043256388500479e+00
1.772083093224114947e+00
1.309624313335985279e+00
1.991989779571891495e+00
1.956074817198228732e+00
1.865691547682991391e+00
1.954696924248011003e+00
1.668116982866014730e+00
1.492467886805059152e+00
1.688167513109729123e+00
1.617075364379049640e+00
1.217384032129276372e+00
1.564925567035016396e+00
1.612151292734188335e+00
1.603339687899808297e+00
1.854035948890646157e+00
1.321311052202693848e+00
1.480998000180090646e+00
1.587223599351594849e+00
1.566536166751039572e+00
2.156706127295712427e+00
1.368422907060351301e+00
1.635492871979234319e+00
1.525985239951932027e+00
2.189887156394536127e+00
1.467038320068499324e+00
1.459782908183619332e+00
1.390947556514181560e+00
1.542602392187535587e+00
1.617817445965467726e+00
1.381011933036638384e+00
1.518531822761065575e+00
1.190303804089777318e+00
1.817460360251303975e+00
1.265463467421253707e+00
1.441624154669534308e+00
1.820483304682798176e+00
1.202745981846904622e+00
1.708196827515224392e+00
1.725023345285935816e+00
1.692390137651490711e+00
2.103243842705676325e+00
1.341186452344314217e+00
1.551680710875508851e+00
1.368211034400710124e+00
1.382748844147119627e+00
1.633983407402263888e+00
1.445467668566474684e+00
1.621936642215709989e+00
1.482345034426159280e+00
1.435160440024448647e+00
1.430956940275647238e+00
1.464447479505184946e+00
1.198424337651314842e+00
1.500361051055733919e+00
1.370650453961992143e+00
1.905012353316282159e+00
1.213415627477556713e+00
1.604449208699421980e+00
1.661084384257585977e+00
1.845810422749504021e+00
1.586414629802466614e+00
1.454177976736895195e+00
1.733150579792373192e+00
1.553991451685827974e+00
1.609028682976245461e+00
1.803689534468790878e+00
1.554930841238391759e+00
2.038137255383305035e+00
1.598447859570491403e+00
1.468909307807323206e+00
1.935237197273277587e+00
1.586060790784671548e+00
1.598101447952751775e+00
1.769453846650222761e+00
2.247851984891092503e+00
1.543368614771227998e+00
1.484339797169597963e+00
1.331116415450532386e+00
1.800272310660183228e+00
1.912935045159140257e+00
1.670063466087677417e+00
1.525729787896927370e+00
1.482220770517873598e+00
1.554366688514595918e+00
1.996590581139805254e+00
1.645859090460929375e+00
1.075597305429350836e+00
1.923809797377611375e+00
2.037326767494076485e+00
1.769308883954193723e+00
1.593275873898940986e+00
2.015661127934390784e+00
2.141545767483803875e+00
1.530799509852026175e+00
1.629579530291316525e+00
1.240108180830522766e+00
1.469676155987914346e+00
1.360487827142228046e+00
1.631691620170085066e+00
1.768213016174595476e+00
1.783015143427751692e+00
1.487264671748110834e+00
1.831847827062038858e+00
1.497387549495204251e+00
1.455661823253934006e+00
1.701065072130365063e+00
2.023158216969884737e+00
1.321810770343814667e+00
1.974864895459939484e+00
1.361658681074441768e+00
1.066557279325814900e+00
2.036009479864179905e+00
1.751545865412964531e+00
1.671503884640615167e+00
1.469808406344870644e+00
1.715366688301816378e+00
1.287672773377138924e+00
1.251504498186565506e+00
1.850144912172461797e+00
1.728544903620317097e+00
1.627540174673890228e+00
1.591298131292567808e+00
1.912566618466403856e+00
1.422119011954097179e+00
1.492966742605606356e+00
2.039029569422944999e+00
1.377379967611805922e+00
1.509360240356137473e+00
1.370138937193875917e+00
1.521298406952674043e+00
1.610450182503411209e+00
1.355763325078509496e+00
1.535209555739494025e+00
1.421927344982650609e+00
1.442076919032209359e+00
1.529699763563745929e+00
1.662176014017995529e+00
1.697528962022519350e+00
1.433677677868256950e+00
2.332005572070240618e+00
1.436613581338467949e+00
1.461840498497936736e+00
1.641558701642966023e+00
1.696101310722154754e+00
1.420251313154879957e+00
1.726251229377840035e+00
1.297314484066814044e+00
2.130585754218627503e+00
1.203853856155175484e+00
1.409402664569388675e+00
1.391232245461676342e+00
1.363090759781839800e+00
1.381027772412093180e+00
2.201675618580866356e+00
1.533602010523493320e+00
1.417974329199908290e+00
2.177980483314980287e+00
1.256291595761243052e+00
1.832295179182454881e+00
1.477775363439475687e+00
1.550395990608683494e+00
1.412685798591551967e+00
1.305488410259592502e+00
1.548955762661026414e+00
1.637495405546895100e+00
1.761699894482942730e+00
1.582700962127959965e+00
2.013201144663463893e+00
1.822533845525075691e+00
1.600959771984059143e+00
1.250645235373422759e+00
1.409734528470360404e+00
1.736048241417448956e+00
1.829848607805068639e+00
1.784808260534408664e+00
1.885832922699667735e+00
1.459409893686927751e+00
2.079747047030295004e+00
1.886185318310456882e+00
1.504785467874294014e+00
1.426272928284150865e+00
1.791905313790435050e+00
2.066770067502480490e+00
1.883080100524027856e+00
1.418416844003337118e+00
1.636856938121582283e+00
1.477627139661124689e+00
2.088215856977860607e+00
1.596457154772037201e+00
1.728078039494690632e+00
1.719936937349955564e+00
1.410011306532967801e+00
1.551261061625640369e+00
1.685768756459803841e+00
1.960081929908346510e+00
1.316513702082338311e+00
1.883391668627067972e+00
1.669080059273607697e+00
2.234963764912234030e+00
1.450196436769082498e+00
1.449143587802788291e+00
1.498753822117130596e+00
1.430609794319532169e+00
1.590538122528786014e+00
1.724091157673569130e+00
1.921023634415169656e+00
1.397089587689666734e+00
1.715990418841735421e+00
1.368625593735466106e+00
1.596750967567270862e+00
1.785740109695663769e+00
1.711122401278396321e+00
1.374283997489850639e+00
1.917818010557392316e+00
1.710177157731616493e+00
1.712530196157992179e+00
1.512792201777219070e+00
1.474758872098749229e+00
1.986515659823148594e+00
1.477521439885619570e+00
1.863901650604999238e+00
1.424358647693982460e+00
1.651345142033126878e+00
1.460728657654762452e+00
2.190318923533275175e+00
1.531039004247605417e+00
1.692419261611346482e+00
1.657418812800551366e+00
1.422583806196550116e+00
1.753712851582263088e+00
1.645868939790073204e+00
2.071052913331263845e+00
1.845924947579890674e+00
1.216656392004055398e+00
1.183898851249377326e+00
1.298442869376766451e+00
1.453693204633548675e+00
1.190057664362657475e+00
1.626345772446974314e+00
2.146767000957538585e+00
1.538025240994355114e+00
1.591875349250808203e+00
1.510079264997880033e+00
1.366382731739801626e+00
1.532068294079013793e+00
1.696658849275655356e+00
2.044863303108559016e+00
1.536968765387632940e+00
1.716044631339548099e+00
1.650029248115069347e+00
1.413327185295336852e+00
1.776939875825386261e+00
1.463506557450834800e+00
1.484194701342004041e+00
1.729576338042771555e+00
1.621493112873136466e+00
1.903025445354153300e+00
1.512700606194271602e+00
1.407424466758519621e+00
1.548107948919424937e+00
1.768261264675547340e+00
1.521595143092935976e+00
1.614321699176495928e+00
1.773922174164569876e+00
1.388025389716929014e+00
1.886827599474587780e+00
1.497596434792493492e+00
1.360092476766257219e+00
1.952296902266267509e+00
1.474620922840946591e+00
2.046545216113047516e+00
1.401468093779702828e+00
2.124639786838962152e+00
1.714281556987862665e+00
1.860679680204025965e+00
1.659397743111862944e+00
1.159450283453900221e+00
1.452906621682962474e+00
1.643798302665415267e+00
1.469233156584064837e+00
1.554411444831893530e+00
1.620074718183525997e+00
1.429600862126841010e+00
1.757117309345879841e+00
1.362369802728521595e+00
2.014796381298257888e+00
1.450844625072819305e+00
1.674368750242754444e+00
1.352544502932957249e+00
1.727214140312969270e+00
1.548270536017247734e+00
1.578176282491513316e+00
2.081964946134291505e+00
1.887471696350490280e+00
1.321112769354783723e+00
1.471235293186341497e+00
1.370162354773144076e+00
1.884936050801341967e+00
1.521622589988092855e+00
2.264261570128733858e+00
1.476769851940731959e+00
1.801930543066631030e+00
1.367667123662390516e+00
1.508474786384021105e+00
1.511756601104285780e+00
1.481766355775337551e+00
1.532434107240487231e+00
2.257828076147982532e+00
1.873929784640028906e+00
1.744321482530668765e+00
1.683316494433721111e+00
2.126975897180381825e+00
1.178274438289588666e+00
1.400341031305370798e+00
2.391381086983953352e+00
1.988846475156272442e+00
1.570506486632688103e+00
1.411840169744703166e+00
1.409153515988973426e+00
1.774891914885782018e+00
2.189240798668295351e+00
1.775914042040500629e+00
1.556011556365972881e+00
2.236872835811020810e+00
1.403239168904522050e+00
1.745335582658051221e+00
1.881112422875815149e+00
1.500072922714673851e+00
1.282243040310013127e+00
1.275289809670292929e+00
2.272138997165875196e+00
1.417808186723986896e+00
1.316636837066712529e+00
1.486820313031230301e+00
1.853758202575713554e+00
1.794774175322943366e+00
1.235750791293177997e+00
1.534258009798345812e+00
1.349050739138333066e+00
1.950435108911624749e+00
1.509963082522535416e+00
1.991320786621835426e+00
1.211619950979938576e+00
1.300255298510017088e+00
1.641759336982500095e+00
1.604764103796483932e+00
1.362279692085046845e+00
1.520213078594288003e+00
1.946112007716193970e+00
1.466757879622182514e+00
1.813158558861937664e+00
1.682945273027093069e+00
1.244614365833299763e+00
1.652292580229497654e+00
1.678656576952159307e+00
1.130086750967456144e+00
1.207974416118326122e+00
1.599557888977790610e+00
1.579033604851726169e+00
1.477674757680616402e+00
1.130618431458316087e+00
1.523346510428444489e+00
1.802219761855915481e+00
1.305487439259859883e+00
1.554423216215086834e+00
1.661301639411902675e+00
1.405564533612005729e+00
1.509539757468083554e+00
1.348555908878701803e+00
1.899660137011187411e+00
1.293308630147189886e+00
1.610110128979058253e+00
1.435652500123923536e+00
1.477801819932363481e+00
1.612508164674794742e+00
1.351382965848966666e+00
1.368788764285209680e+00
1.651753027112861094e+00
1.575802842911034229e+00
1.427318209982034736e+00
2.205011234021464706e+00
1.483770652008737256e+00
1.546419578591605282e+00
2.066727252603549392e+00
1.547159517442270316e+00
1.240534134653778153e+00
1.397812504473342488e+00
1.306797152520414507e+00
1.704029086282912608e+00
1.824428460654116124e+00
1.099571405504549793e+00
1.518264850987534720e+00
2.033430639397389328e+00
2.010748179862227758e+00
1.525405420587672589e+00
2.021676025651124586e+00
1.427091697725617170e+00
1.360177071350243239e+00
1.782439080541095011e+00
1.664009935297273479e+00
1.333509664650801341e+00
1.409097958296362751e+00
1.422089535178661768e+00
1.578137947575496192e+00
1.684289923302229486e+00
2.075958783132380248e+00
1.380580765136969035e+00
1.464000087027569785e+00
1.773499958018070144e+00
1.688599373640506940e+00
1.549756065741336730e+00
2.051567875877900349e+00
1.630880498232639031e+00
1.751372278191284826e+00
1.387286349617710357e+00
1.632267307888177532e+00
1.909279914465708439e+00
1.586669127900212750e+00
1.530060657322327655e+00
1.643586166985395058e+00
1.107580695377438973e+00
1.549611580316251347e+00
1.808044678043535303e+00
1.759775213827883267e+00
1.373892948580786255e+00
1.501888121464640014e+00
1.813534845377370308e+00
2.031283134081188102e+00
2.095529395142472495e+00
1.221784407183545529e+00
1.583968377485525769e+00
1.516328439986719179e+00
1.986714012494410930e+00
1.487131607248024512e+00
1.677657064436586687e+00
1.383528968362060629e+00
1.693771694534400352e+00
1.316168900698546640e+00
1.945456955561559953e+00
2.198446603823952294e+00
1.606722049770143323e+00
1.527520774408352322e+00
2.024704396502747361e+00
1.233535767181141551e+00
1.608486230340336887e+00
1.971585157427314883e+00
1.982536516429598938e+00
1.581386524967494323e+00
1.728225628304674188e+00
1.850689602854400206e+00
1.183882068977096580e+00
1.875030475402538643e+00
1.540776727295770199e+00
1.409613972829525386e+00
1.545670417119733075e+00
1.679146188757252078e+00
1.572116009808033343e+00
1.410772813704289419e+00
1.514958383726187519e+00
1.661055407283192675e+00
1.284441673763378589e+00
1.603249276489409514e+00
1.614507733368364173e+00
1.529710006242609888e+00
1.493943892932023676e+00
1.786515023658618473e+00
1.250071039080920210e+00
1.331747370972829358e+00
2.035517344506594828e+00
1.609023951847102119e+00
1.787193993687673066e+00
1.615847363668400982e+00
1.578361098586621214e+00
1.514675302941867807e+00
1.668668039256763214e+00
1.676617796674301886e+00
2.130231038814040190e+00
1.477765928692318376e+00
1.498047813900003078e+00
1.369895169233539489e+00
1.086956536781355176e+00
1.334519427111061640e+00
1.294375047394987988e+00
1.970172001337163525e+00
1.722545295746575666e+00
1.255796219931239355e+00
2.070696336587529274e+00
1.353996618988416056e+00
1.598771373119431294e+00
1.720056399446395101e+00
1.749837020741084270e+00
1.449667607013445991e+00
1.569346795776529913e+00
1.257421926877807961e+00
1.234925840922630691e+00
1.584127429253723074e+00
1.924347285003236818e+00
1.940633241873972237e+00
1.591584824953223842e+00
2.094516999660835932e+00
1.893989444183451720e+00
1.492708897656629397e+00
1.983239406001742866e+00
1.573122242699810824e+00
1.440594580610208064e+00
1.528026051468215574e+00
1.756661257652693209e+00
1.094129995855834148e+00
1.657602254622168036e+00
1.375955450925595347e+00
1.602204349283709472e+00
1.546302499232871774e+00
1.728995935691973518e+00
1.708726970299645043e+00
1.443091195761871059e+00
1.664981393800100795e+00
1.513755399839976645e+00
1.688180291428451607e+00
1.814519325990739951e+00
1.330638035175098155e+00
1.794928688148317075e+00
2.081356278303369223e+00
1.651383559184934846e+00
1.382228290944294891e+00
1.459970822757983511e+00
2.204920538210065839e+00
1.257379376846237129e+00
1.497065466805364453e+00
1.602550964022248170e+00
1.324154097293342769e+00
1.651286189511737224e+00
2.000761792397252048e+00
1.386732206412789603e+00
1.427788541206145734e+00
1.601768665824025772e+00
1.276339828391248155e+00
1.568122734077629366e+00
1.559566775792614379e+00
1.491882389821250321e+00
1.303526524168040712e+00
1.398523757180690774e+00
1.668393501495598397e+00
1.545202965948589302e+00
1.604669800712638317e+00
1.386115314229232176e+00
1.589389707066430013e+00
1.564380926727979571e+00
1.649396544091821903e+00
1.876832616681953336e+00
1.984656284136912641e+00
1.744466285192063371e+00
1.466503807802139070e+00
1.823906454056776205e+00
1.549107116225528769e+00
1.508392037454711732e+00
1.423372958578928094e+00
1.241403244648685789e+00
1.293642692196568245e+00
1.625282344424830772e+00
1.909950816452247402e+00
1.808003723994918932e+00
1.740548025064786453e+00
1.319170260552885665e+00
1.734578162144457814e+00
1.339808271093756220e+00
1.591616987510125814e+00
1.579215098412297014e+00
1.618917383021270640e+00
1.138937725780829968e+00
1.435838912971280745e+00
2.040761797628226404e+00
1.590408487568389262e+00
1.782650974418374501e+00
1.381252780944536296e+00
1.770579307298027372e+00
1.462284290894777739e+00
2.040199995788776199e+00
1.497189473028616380e+00
1.447159779571283611e+00
1.257226483683230533e+00
1.605804832173651109e+00
1.577273707395805191e+00
1.690628727769365236e+00
2.185009131634964685e+00
1.516461736196976107e+00
1.773845261636379789e+00
1.436622610026138780e+00
1.424135767943162545e+00
1.412961717281171481e+00
1.633135086922891999e+00
1.323656025454662100e+00
1.498144283873944493e+00
1.338637540528247127e+00
1.682449329803767268e+00
1.451520253621620293e+00
1.352533959500947125e+00
1.549722406986059120e+00
1.497583096190094887e+00
1.260638966558086382e+00
1.515438542829210977e+00
1.359129872235444569e+00
1.855354293507358143e+00
1.294275119159218557e+00
1.383915944659536157e+00
1.805670944390571409e+00
1.536064805636947472e+00
1.451791083732371757e+00
1.493031880754866370e+00
1.516065231319566831e+00
1.503050063233976497e+00
1.462394206804723762e+00
1.804560085461615726e+00
1.635935934453957907e+00
1.328492652845961963e+00
1.733960104376701450e+00
1.771785076559579730e+00
1.383546850324503197e+00
1.844334295131047297e+00
1.571999040203672315e+00
2.133023558069913062e+00
1.369005917576771481e+00
1.288219715351401673e+00
1.482730900157429588e+00
1.339695700749834462e+00
2.011227832908403013e+00
1.638172083912986965e+00
1.559484045266623209e+00
2.005885995811692357e+00
1.430293175319865773e+00
2.070939926383490448e+00
1.505459664365457417e+00
1.286841727513622136e+00
1.376911061809298564e+00
2.241229354695618792e+00
2.048639285849296332e+00
1.573001932150347892e+00
1.689266344755468330e+00
1.558521693181191159e+00
2.178489073687189137e+00
1.600225328619144793e+00
1.897466812037270412e+00
1.579904700558846242e+00
1.662108921996549249e+00
1.086091286265155498e+00
1.496116022234836862e+00
1.642731375618752487e+00
2.078724008890806108e+00
1.490715240888345061e+00
1.586263760388212152e+00
1.642399557265357801e+00
1.377880687785555391e+00
1.787901445576942194e+00
1.937758693456217429e+00
1.684392239402102476e+00
1.549641011503376964e+00
1.377039922024655638e+00
1.388942216559546416e+00
1.529803370089243275e+00
1.605931928203459647e+00
2.238223292753231952e+00
1.675092165441378400e+00
2.200829509986087729e+00
1.653145309929557216e+00
1.244762088464360206e+00
1.951459409576607351e+00
1.573770485349801129e+00
1.107924543748906032e+00
1.559624454627828394e+00
1.625126088467002905e+00
1.379605881030027348e+00
1.699840599935013907e+00
1.852858185332639795e+00
1.393716615092218447e+00
1.775407282404241283e+00
1.434614020952068358e+00
1.457122569644236254e+00
1.560870147161304011e+00
1.676659882246921862e+00
1.299659449126677746e+00
1.516061594322152484e+00
1.791423231707530483e+00
1.637411146457522726e+00
1.464774519697982447e+00
1.994300954735122700e+00
1.285492755533538478e+00
1.503873365194096534e+00
1.342213579443246818e+00
1.654584826618220372e+00
1.357469932450745986e+00
1.647697681698690131e+00
1.574324612508791965e+00
1.908667077095156150e+00
2.141800211444440549e+00
1.576059345805241874e+00
1.259681646388455478e+00
1.477877119634033676e+00
1.562039721791165681e+00
1.547282077302022607e+00
1.519460079215927406e+00
1.716952379768062142e+00
1.645000361818461210e+00
1.384516680695261792e+00
1.613633421758295716e+00
1.757476898421538092e+00
1.749883981323056004e+00
1.557724013500178195e+00
1.271904544984116203e+00
1.418385345978776968e+00
1.839242497077812732e+00
1.418028122719311446e+00
1.442660795173166255e+00
1.756747086860741991e+00
1.645721508140177924e+00
2.161319397512759366e+00
1.881804351634789985e+00
1.419817766986942287e+00
2.158784109331273626e+00
1.695022432568287440e+00
1.405578931000662779e+00
1.981032047423832321e+00
1.596968409389860843e+00
1.859048821181382483e+00
1.391426238089881640e+00
1.313929436925584060e+00
1.263681463705152552e+00
1.429939893245985472e+00
1.726003397951717311e+00
1.703714025459641457e+00
2.012438434598771586e+00
1.491614160096099484e+00
1.452478838960469920e+00
1.363144420127371248e+00
1.627129449508971204e+00
1.442190544352949910e+00
1.455609096695470228e+00
1.426741313349505269e+00
1.877897568233795500e+00
1.685206436721237599e+00
1.541227625082397301e+00
1.281168209513355194e+00
1.804559214722038174e+00
1.580441178206543951e+00
1.403180845091193119e+00
2.246571619456717794e+00
1.579741823240029541e+00
1.267875226477516160e+00
1.412221024648900869e+00
1.578887684892530840e+00
1.441090372609550307e+00
1.362872630289811315e+00
1.738904834073798256e+00
1.743075483198536446e+00
2.129685890770681489e+00
1.287911557223994086e+00
1.634609028768921002e+00
1.602059246440944218e+00
1.360002280712700351e+00
1.548494481350586094e+00
1.576992334798023476e+00
2.046152191052500235e+00
1.492711996437906530e+00
1.424111777405732138e+00
1.720882080554947402e+00
1.696606192669856572e+00
1.307377775915441243e+00
1.565283979208514697e+00
2.064192935236274451e+00
1.512018604616758077e+00
1.939870533170396927e+00
1.693225998940061094e+00
1.736567031891404378e+00
1.585458071325771323e+00
1.522120124021808296e+00
1.543671289686855630e+00
1.534264463682998958e+00
1.034003978671338642e+00
1.895458637707781113e+00
1.614708033751725003e+00
1.331552757118332320e+00
2.230101029280117775e+00
2.123251575469844887e+00
1.535545200915182873e+00
1.947232699631996855e+00
1.966971118817459674e+00
1.690654936525717300e+00
1.599579731804671168e+00
1.870252044566485194e+00
1.488159037718199684e+00
1.742756580430995461e+00
1.614448236620398047e+00
1.468739505094047715e+00
1.623818365606355618e+00
1.707314585365071524e+00
1.359220335603441354e+00
2.023170332314971009e+00
1.580662739445936271e+00
1.410320258263995541e+00
1.497366495593408287e+00
1.456893542515229845e+00
1.466826248004020616e+00
1.544592622723256259e+00
1.552645712999481731e+00
1.468166512735343376e+00
1.457978792553523917e+00
1.675239780014076141e+00
2.019302066945273033e+00
1.559985318470713533e+00
1.497791713892411503e+00
1.646735859599206542e+00
1.487137637030629067e+00
1.355613311976195945e+00
2.007626297812690197e+00
2.103203714422761994e+00
1.450702242128126374e+00
1.503227655214010472e+00
1.774127712713477578e+00
1.313497546758787049e+00
1.707314585365071524e+00
1.654248080274877797e+00
1.590468041359987872e+00
1.503449757880448656e+00
1.786455382555743876e+00
1.684014863491197112e+00
1.431102470395984483e+00
1.449930447232004482e+00
2.238892403952017052e+00
1.760814539059631922e+00
1.744389761125190619e+00
1.495234641487880989e+00
1.486241429045396023e+00
1.608520645372508717e+00
1.616429914709630822e+00
1.567628788961442643e+00
1.516980224187916226e+00
1.506246443759653886e+00
1.806545375754431193e+00
1.632988222326155370e+00
1.205971774290768295e+00
1.579173056233280859e+00
1.322523645708781670e+00
1.438474546208737381e+00
1.442728293901968994e+00
1.473498542071832729e+00
1.376459490056113122e+00
1.371612695107420121e+00
1.354116797110011650e+00
2.034838332999750143e+00
1.714236375877065344e+00
1.429994489101128696e+00
1.721771073543782338e+00
1.872520231781815259e+00
2.187848676443946427e+00
1.338888982793413840e+00
1.474352904074115456e+00
1.404178045796916408e+00
1.798151228394124779e+00
2.320479584815392737e+00
1.333756902811180201e+00
1.770388702226473265e+00
2.123541978710928202e+00
1.333861623052912115e+00
1.646257821719764536e+00
1.481415454585079061e+00
1.655420913865846888e+00
1.944282757809707940e+00
1.507765443691531093e+00
1.691748460220036554e+00
1.371391186814286511e+00
1.776037474385234960e+00
2.035404426122755517e+00
1.545692946001789192e+00
1.607660505310964938e+00
1.713500141158335710e+00
1.247900967193071864e+00
1.916400460306806774e+00
1.429785643454932753e+00
2.118622965755582843e+00
2.174142476424879344e+00
1.841985167413486613e+00
1.781263643690871756e+00
1.640583262617113069e+00
1.657466460464997349e+00
1.717728338881772121e+00
1.713271990287428270e+00
1.508698149061153293e+00
1.655555762615672943e+00
1.805351942191308900e+00
1.307539591178040084e+00
1.400294294230969738e+00
1.930275158322406259e+00
2.211219912316081615e+00
1.615185265375509882e+00
1.587501621159786103e+00
1.730725448262686372e+00
1.547438296078959219e+00
1.617413897804111933e+00
1.530318624424583218e+00
1.278124537913551073e+00
1.526534186494666434e+00
1.770918910178839623e+00
1.569561581376665238e+00
1.232456907380026001e+00
2.010418741543305465e+00
1.394761970738896961e+00
1.615787136460952844e+00
1.793359430270347943e+00
1.658227257399953247e+00
1.399142270239985164e+00
1.820754333893443100e+00
1.621620807739214021e+00
2.252647556342105784e+00
1.563813686403330072e+00
1.369952680518438992e+00
1.608190771842221922e+00
1.718606392673431182e+00
1.505722863603188078e+00
1.813192087391040985e+00
1.400683782185798920e+00
1.651279536935219783e+00
1.887592653462022652e+00
1.420509118749493149e+00
1.407410229817597669e+00
1.539345605804113948e+00
1.489535085217231103e+00
1.678489895484064798e+00
1.558326428264980024e+00
2.191839028358463004e+00
2.068113270608515464e+00
1.428513546502224285e+00
1.748773655192525256e+00
1.824625713126019289e+00
1.517096390719922194e+00
1.913741908395174773e+00
2.018528090189693813e+00
1.527287086531311511e+00
1.806593463903461538e+00
1.762525418507994157e+00
1.314419633341364468e+00
1.218208998711706625e+00
1.736175979761600985e+00
1.487500895357608544e+00
2.046694867727198552e+00
1.385628704400581279e+00
1.572083584579948123e+00
1.313505961399132449e+00
1.741916212173365119e+00
1.602267666117975553e+00
1.587410736484039298e+00
1.394638206710281381e+00
1.534620987261134051e+00
2.085941411325142880e+00
1.853227425566592368e+00
1.370161089004802601e+00
1.590512271798289134e+00
1.412817219366039989e+00
1.248152235498080742e+00
1.345633127668399931e+00
1.587882660679621027e+00
1.552415256271740152e+00
2.017946720873680988e+00
1.801599195752505267e+00
1.631393872559525615e+00
2.174075169782561989e+00
1.985263595386942415e+00
1.844711224056457821e+00
1.071675735696162368e+00
1.584241206507296162e+00
1.599038079918447597e+00
2.191860579179246926e+00
1.285774631987537164e+00
1.475679608712536561e+00
1.498823683528460071e+00
1.454325890388242559e+00
1.475250523353158316e+00
1.630276642019158784e+00
1.639667993162292170e+00
1.900689605252763981e+00
1.420960608235492417e+00
1.664486967691858998e+00
1.435898472386080149e+00
1.468967886228157438e+00
1.439177015011222638e+00
1.615318236513618722e+00
1.703458772783718711e+00
1.564193074901259140e+00
1.405411944631399512e+00
1.904292597898534334e+00
1.440459780084308195e+00
1.842626258882198220e+00
1.540312907998526493e+00
1.277477640422836958e+00
1.611528304242254128e+00
1.510922275633806100e+00
1.621875904519865852e+00
1.324246726199850954e+00
1.293000422579335007e+00
1.432008271905131691e+00
1.548797438655114433e+00
2.138192361252136298e+00
1.631254746504513742e+00
1.991591894697986254e+00
1.378126229498620070e+00
1.411867176615955621e+00
1.830302290527309195e+00
1.490980288008493027e+00
1.387184013001636851e+00
1.632243028016294506e+00
2.144212975449704572e+00
1.767361375960995407e+00
1.400831419039723080e+00
1.569472190283123902e+00
1.962466281375886412e+00
1.555812536188325490e+00
1.293404985976763344e+00
1.449890345212142995e+00
1.607067583543272837e+00
1.499376813390040475e+00
1.376297670165250731e+00
1.286792806518788357e+00
1.699386687270178387e+00
1.605297977882351956e+00
1.192166048691799096e+00
1.619689673950176267e+00
1.333202772032405559e+00
1.599367427114856133e+00
1.866728401995229270e+00
1.638570212401774473e+00
1.220563422736799408e+00
1.670008355718540560e+00
1.828539460231294322e+00
1.560579581538611427e+00
1.941960644258069912e+00
1.308820818928668306e+00
1.295915824880941924e+00
1.444883337246976485e+00
1.556998351728390739e+00
1.481157251210702297e+00
1.574975237706958131e+00
1.448944165183455368e+00
1.302994865240356237e+00
1.694286355276654277e+00
1.622759865839916493e+00
1.468010307889471289e+00
1.470369826177730932e+00
1.355689931210922961e+00
1.351815244689298368e+00
1.697107441400783179e+00
1.550969822608028847e+00
1.756956785564101509e+00
1.666094883283766981e+00
1.554106638771252547e+00
1.569401931047092136e+00
1.656245540331117816e+00
1.233618902665184924e+00
1.687337747508865116e+00
1.466256707016885930e+00
1.548933585717293004e+00
1.409269962651479968e+00
1.604683748215729899e+00
1.774620632243897100e+00
1.584321370840640286e+00
1.371345170069996122e+00
1.769519380314917179e+00
1.524382102978701026e+00
1.414439612887133269e+00
2.241999530577269972e+00
1.896753701173688800e+00
2.349591885344776809e+00
1.771318769722687314e+00
1.607390928786840423e+00
2.102146648183878863e+00
1.596170531067014231e+00
1.266419479049508245e+00
1.652517021068433900e+00
1.754213853285729208e+00
1.739729887214265247e+00
1.748130737312824312e+00
1.687583563414185139e+00
1.343567781463839816e+00
1.395593091891026205e+00
1.661270419734469206e+00
1.376630889295186178e+00
1.395648622228472080e+00
1.476895312353033063e+00
1.347063821988322418e+00
1.542692932920200377e+00
1.255851383719069680e+00
1.673261952274211373e+00
1.762757431390603813e+00
1.542980697507758903e+00
1.528993160152494424e+00
2.039948280077612974e+00
1.480996432873203927e+00
1.151221200866780148e+00
1.460617777448245391e+00
1.795063709574565625e+00
1.644297194522895467e+00
2.334878451286690026e+00
1.562250725741497703e+00
1.452638396220745642e+00
1.381027720121087210e+00
1.318925329047281103e+00
1.640854877943475509e+00
1.282337289213966169e+00
1.657773427064009875e+00
1.323030311154222094e+00
1.804978866090010792e+00
1.224163931026836849e+00
2.203969278379017016e+00
1.543686161718544669e+00
1.429536605735878485e+00
1.664709212179313447e+00
1.599132272668249310e+00
1.783181780873399846e+00
1.426683513824667848e+00
1.765230463537407202e+00
1.635627047255594269e+00
1.326363754231184133e+00
1.608422950155688369e+00
1.399480445919781824e+00
1.346970039896037141e+00
1.431335962335833045e+00
1.768195819172835304e+00
1.437708991133403780e+00
1.605519862905071760e+00
1.378838261744353311e+00
1.723167950433776019e+00
1.555159543636182473e+00
1.545208514715323611e+00
2.141877938780326840e+00
1.653965931920510668e+00
1.814969140976463224e+00
1.347120967700671690e+00
1.665268203388221346e+00
1.586788198218796797e+00
1.580250687582370972e+00
1.506138592599824744e+00
1.430735359010935071e+00
2.216794045013271486e+00
1.883629043203378872e+00
1.534611426689362013e+00
1.701487140958155120e+00
1.541326989515337198e+00
1.576187773647266477e+00
1.928850841587363973e+00
1.483328755021891654e+00
1.794282207583238753e+00
1.544574416357605839e+00
1.402843514058130792e+00
1.433423896930997810e+00
1.426345840707285095e+00
1.567475615087695617e+00
1.886976886745450166e+00
1.553143695143173186e+00
1.564875936510249366e+00
1.675371997570571425e+00
1.468481406888538565e+00
1.677222763804301575e+00
1.492147262123602269e+00
1.504693048812464795e+00
1.342210536619693695e+00
1.550976738793382825e+00
1.434587308398908689e+00
1.408273370783836853e+00
2.030638261759078134e+00
1.357742345700495346e+00
1.395924487499784483e+00
1.393833729414597267e+00
1.434044645181739908e+00
1.149679563289141448e+00
1.746138645487717911e+00
1.627479609036061481e+00
1.442281591845444355e+00
1.358360416836630558e+00
1.814988572376041054e+00
2.248290680195876856e+00
1.262860839752817155e+00
1.646118574749345198e+00
2.009743614686441138e+00
1.657069173193274514e+00
1.660352544729865043e+00
1.433165308732720744e+00
1.864841457637740341e+00
1.184929717873088428e+00
1.613351406504021757e+00
1.551528774360494634e+00
1.331195265735288569e+00
1.710190947709572251e+00
1.259999616554302371e+00
1.528976806599681826e+00
1.875582240449739757e+00
1.698410742192966838e+00
1.997911357242926567e+00
1.436562759494901975e+00
1.846304914295379351e+00
1.559886386377975276e+00
1.706398569664572484e+00
1.574301831273959618e+00
1.682545351991785676e+00
2.088408266636157418e+00
1.511717409815914070e+00
1.452812258422460756e+00
1.866446427009087028e+00
1.470334521221698276e+00
1.475337584253340495e+00
2.051624478797778650e+00
1.554366540421275866e+00
1.912402718062549134e+00
2.164729341566252963e+00
1.622289183059385076e+00
1.583983302292532036e+00
1.738260923257127777e+00
1.577352365578606808e+00
1.189278972890576602e+00
1.495697296490949180e+00
1.971603464135927020e+00
1.461333584949930264e+00
1.521382791276174817e+00
1.741709421924823031e+00
1.376701120701507630e+00
1.767587566652480957e+00
1.850757187588404795e+00
2.012512893371869893e+00
1.659234771289114674e+00
1.654933375027676234e+00
1.779346631643887511e+00
1.947382681571813601e+00
1.970282274895382546e+00
1.316377782160293775e+00
1.488482357000233902e+00
1.818871647683999893e+00
2.034783255524033940e+00
1.598367465803343546e+00
1.431538997994206142e+00
2.210870709554978664e+00
1.399125118998068906e+00
1.804283834449097679e+00
1.579129616963521165e+00
1.386295660538464425e+00
2.033667586799649207e+00
1.327093167607745539e+00
1.782702939708042500e+00
1.426628851847179469e+00
1.617326423186528306e+00
1.574296072092633114e+00
1.255194287699640920e+00
1.201765221830667585e+00
1.911432382643186489e+00
1.240603655999832799e+00
1.818058539220542169e+00
1.771505092864434028e+00
1.655828810333949130e+00
1.864128678900804914e+00
1.451869574277237396e+00
1.732416609371242755e+00
1.810201481165077952e+00
2.026452294358331407e+00
1.659154069565519141e+00
1.598431602736617885e+00
1.950464194287767850e+00
1.276139095896863473e+00
1.488911340631312585e+00
1.789363456170012245e+00
1.492814814844068305e+00
1.169623678257322608e+00
1.650589585644853585e+00
1.566375459548857263e+00
1.695470841644547200e+00
1.312627837955118837e+00
1.676615750665614302e+00
2.070443971803432426e+00
1.701516708616181761e+00
1.302480524872495327e+00
1.417919937920001150e+00
1.736664678350916313e+00
1.406164414919860661e+00
1.387867092329743146e+00
1.469748774622018805e+00
1.543969725010820637e+00
1.557051652281679077e+00
1.653093226037727570e+00
1.364432646344376332e+00
1.497869442525089356e+00
1.413181252847047542e+00
1.333495081428438089e+00
1.411083215014954817e+00
1.361635453475948943e+00
1.658180509579418205e+00
1.760603714751493687e+00
1.555615160622732640e+00
1.320309169337035682e+00
2.077775972843656227e+00
1.569311011017518354e+00
1.710053653090682246e+00
1.964812298645170596e+00
1.569360471155240244e+00
2.176143054564138701e+00
1.582204488714894719e+00
1.471256264142366099e+00
1.337681003856237227e+00
1.527774385411699409e+00
1.582668534786527914e+00
1.405058069202765436e+00
1.958421894477461844e+00
1.537871331555865639e+00
1.854541695247584165e+00
1.460604756678788307e+00
1.403046651910226705e+00
1.307964329726676311e+00
1.514004785391212415e+00
1.702756602527798924e+00
1.762334491842669548e+00
1.598748782526213219e+00
1.870539509863446748e+00
1.823936040031961303e+00
1.866670278183400145e+00
1.902267187213584565e+00
1.590476068409826249e+00
1.532709382997113234e+00
1.293394818147998837e+00
1.236470200978805334e+00
1.336197565618588490e+00
1.341949227346774132e+00
2.284288544888670280e+00
1.411806134525330769e+00
1.647034649165523001e+00
1.944508422665324421e+00
1.335023163929420331e+00
1.731067457333279158e+00
1.322202653819817275e+00
